Region,Region County,Lat,Long,Year,Sow Month,Ripe Time,Yield
Aberdeen,Aber.,57.1497,-2.0943,2003,10-Jan,0,0
Alkerton,Oxon,52.0834,-1.4545,2013,10-Sep,0,0
Alkerton,Oxon,52.0834,-1.4545,2014,10-Aug,0,0
Alkerton,Oxon,52.0834,-1.4545,2015,22-Oct,0,0
Alkerton,Oxon,52.0834,-1.4545,2016,15-Oct,0,0
ANNAN,DUMF,54.9902,-3.2598,2002,10-Jan,0,0
Anstruth,Fife,56.223,-2.7005,2013,30-Oct,0,0
ASHF'D,KENT,51.1465,0.875,2002,10-Jan,0,0
Attlebro,Norfk,52.5181,1.0155,2006,10-Jan,0,7.82
Attlebro,Norfk,52.5181,1.0155,2008,10-Jan,0,0
Attlebro,Norfk,52.5181,1.0155,2012,10-Jan,0,0
Auchnagatt,Aberdn,57.466,-2.117,2014,28-Sep,0,0
Auchnagatt,Aberdn,57.466,-2.117,2015,24-Sep,0,0
Auchnagatt,Aberdn,57.466,-2.117,2016,29-Sep,0,0
Balgonie,Fife,56.1843,-3.1244,2012,10-Jan,0,0
Balgonie,Fife,56.1843,-3.1244,2013,15-Oct,0,0
Balgonie,Fife,56.1843,-3.1244,2015,27-Sep,0,0
Balgonie,Fife,56.1843,-3.1244,2016,27-Nov,0,0
Balgonie,Fife,56.1843,-3.1244,2017,10-Jan,0,0
Bannister,Essex,51.8599,0.4633,2010,10-Sep,0,0
Barnston,Essex,51.8533,0.3865,2004,10-Jan,321,9.34
Barnston,Essex,51.8533,0.3865,2005,10-Jan,282,13.83
Barnston,Essex,51.8533,0.3865,2007,10-Jan,0,10.49
Barnston,Essex,51.8533,0.3865,2015,10-Oct,0,0
Barthorpe,North Yorkshire,54.0264,-0.8172,2005,10-Jan,319,10.56
Barthorpe,NYorks,54.0264,-0.8172,2011,27-Sep,0,0
Barthorpe,NYorks,54.0264,-0.8172,2012,10-Jan,0,0
Barthorpe,NYorks,54.0264,-0.8172,2014,10-Jan,0,0
Barthorpe,NYorks,54.0264,-0.8172,2015,27-Sep,0,0
Baumber,Lincolnshire,53.2523,-0.1713,2005,10-Jan,0,8.56
Baumber,Lincs,53.2523,-0.1713,2006,10-Jan,0,9.41
Baumber,Lincs,53.2523,-0.1713,2008,21-Oct,0,0
Baumber,Lincs,53.2523,-0.1713,2009,21-Oct,0,0
Baumber,Lincs,53.2523,-0.1713,2017,27-Oct,0,0
Beausale,Warwick,52.3342,-1.6477,2007,10-Jan,0,9.05
Beausale,Warwick,52.3342,-1.6477,2008,13-Oct,0,0
Beausale,Warwick,52.3342,-1.6477,2009,13-Oct,0,0
Bedfield,Sufflk,52.2532,1.2502,2014,30-Sep,0,0
Bedfield,Sufflk,52.2532,1.2502,2015,27-Sep,0,0
Bedfield,Sufflk,52.2532,1.2502,2016,28-Sep,0,0
Bedfield,Sufflk,52.2532,1.2502,2017,28-Sep,0,0
Binbrook,NLincs,53.429,-0.1807,2008,10-Jan,0,0
Bowsden,Northumberland,55.6729,-2.0135,2004,10-Jan,327,11.1
Bowsden,Northumberland,55.6729,-2.0135,2005,10-Jan,330,10.12
Bowsden,Nrthum,55.6729,-2.0135,2006,10-Jan,315.67,10.04
Bowsdn,Nrthum,55.6729,-2.0135,2007,10-Jan,322,8.6
Bowsdn,Nrthum,55.6729,-2.0135,2008,10-Jan,0,0
Bramham,West Yorkshire,53.8785,-1.3504,2004,10-Jan,326,9.22
Brechin,Angus,56.7333,-2.6553,2016,25-Sep,0,0
Brechin,Angus,56.7333,-2.6553,2017,28-Sep,0,0
Broughtn,Hants,53.1635,-2.9972,2012,10-Jan,0,0
Broughtn,Hants,53.1635,-2.9972,2014,24-Oct,0,0
Broughtn,Hants,53.1635,-2.9972,2015,22-Oct,0,0
Broughtn,Hants,53.1635,-2.9972,2017,10-Nov,0,0
Bstoke,Hants,51.2665,-1.0924,2012,10-Jan,0,0
Bugthorpe,Nyorks,54.0116,-0.8236,2008,10-Jan,0,0
Bugthorpe,NYorks,54.0116,-0.8236,2010,29-Sep,0,0
Burdon,Sundland,54.8568,-1.3988,2017,25-Sep,0,0
Burkham,Hants,51.1769,-1.0711,2014,10-Nov,0,0
Burkham,Hants,51.1769,-1.0711,2016,16-Oct,0,0
BuryStE,Sufflk,52.2429,0.7105,2006,10-Jan,0,11.51
BuryStE,Sufflk,52.2429,0.7105,2008,10-Jan,0,0
Callow,Herefd,52.0051,-2.7385,2017,23-Sep,0,0
Cambridge,Cambs.,52.2053,0.1218,2003,10-Jan,0,0
Canterbury,Kent,51.2802,1.0789,2003,10-Jan,0,0
Cawood,North Yorkshire,53.8333,-1.1316,2015,10-Mar,0,0
Cawood,NYorks,53.8333,-1.1316,2016,10-Jan,0,0
Cawood,NYorks,53.8333,-1.1316,2017,30-Sep,0,0
Caythorpe,Lincolnshire,53.0216,-0.6046,2004,10-Jan,288,8.44
Caythorpe,Lincolnshire,53.0216,-0.6046,2005,10-Jan,270,9.31
Ccreevy,Down,53.79448,-6.076,2007,10-Jan,315,9.81
Ccreevy,Down,53.79448,-6.076,2010,10-Aug,0,0
Ccreevy,Down,53.79448,-6.076,2012,10-Jan,0,0
Ccreevy,Down,53.79448,-6.076,2014,15-Oct,0,0
CIRENC,GLOS,51.7185,-1.9682,2002,10-Jan,0,0
Cirencester,Glos.,51.7185,-1.9682,2003,10-Jan,0,0
Coates,Gloucestershire,52.5613,-2.0325,2004,10-Jan,304,12.17
Coates,Gloucs,52.5613,-2.0325,2017,14-Oct,0,0
COLDSM,BORD,55.6513,-2.2534,2002,10-Jan,0,0
Coniston,E Riding of Yorkshire,54.3432,-3.0716,2004,10-Jan,311,11.78
COUPAR,P KINR,56.5479,-3.2655,2002,10-Jan,0,0
Coupar Angus,Perth/Kinr.,56.5479,-3.2655,2003,10-Jan,0,0
Cowbridge,Glamorgan,51.4621,-3.4496,2017,10-Jul,0,0
Crambe,Nyorks,54.0746,-0.8814,2006,10-Jan,302,10.14
Crambe,Nyorks,54.0746,-0.8814,2007,10-Jan,311,9.41
Cranwell,Lincs,53.036,-0.4677,2007,10-Jan,0,8.43
Crawly,Hants,51.1091,-1.3898,2010,10-Mar,0,0
Crawly,Hants,51.1091,-1.3898,2011,27-Sep,0,0
CROFT,N YRKS,54.4835,-1.5551,2002,10-Jan,0,0
Croft,NYorks,54.4835,-1.5551,2009,10-Feb,0,0
Croft,NYorks,54.4835,-1.5551,2010,23-Sep,0,0
Croft,Teesside,54.4835,-1.5551,2011,27-Sep,0,0
Croft,Teesside,54.4835,-1.5551,2012,10-Jan,0,0
Croft,Teesside,54.4835,-1.5551,2013,10-Jun,0,0
Croft,Teesside,54.4835,-1.5551,2014,27-Sep,0,0
Croft,Teesside,54.4835,-1.5551,2015,25-Sep,0,0
Croft,NYorks,54.4835,-1.5551,2017,24-Sep,0,0
Croft on Tees,N Yorks.,54.4835,-1.5551,2003,10-Jan,0,0
Croft on Tees,North Yorkshire,54.4835,-1.5551,2004,10-Jan,0,0
C'thorpe,Lincs,53.0216,-0.6046,2006,10-Jan,257.33,8.05
Deopham,Norfk,52.5593,1.0225,2017,27-Sep,0,0
Didbrook,Gloucestershire,51.982,-1.9244,2005,10-Jan,296,9.17
Didbrook,Gloucs,51.982,-1.9244,2007,10-Jan,0,9.57
Didbrook,Gloucs,51.982,-1.9244,2008,10-Mar,0,0
Didbrook,Gloucs,51.982,-1.9244,2009,10-Mar,0,0
Didbrook,Gloucs,51.982,-1.9244,2010,13-Oct,0,0
Didbrook,Gloucs,51.982,-1.9244,2011,10-Dec,0,0
Didbrook,Gloucs,51.982,-1.9244,2012,10-Jan,0,0
Didbrook,Gloucs,51.982,-1.9244,2016,30-Sep,0,0
DownP,Down,54.3288,-5.7157,2007,10-Jan,0,7.48
DownP,Down,54.3288,-5.7157,2008,10-Jan,0,0
DownP,Down,54.3288,-5.7157,2011,19-Oct,0,0
Duggleby,North Yorkshire,54.0928,-0.6573,2004,10-Jan,0,8.79
DUNMOW,ESSEX,51.8729,0.3578,2002,10-Jan,0,0
Dunmow,Essex,51.8729,0.3578,2006,10-Jan,0,12.47
Dunmow,Essex,51.8729,0.3578,2011,10-Jul,0,0
Dunmow,Essex,51.8729,0.3578,2012,10-Jan,0,0
Duns,Sc. Bord.,55.7778,-2.3435,2003,10-Jan,0,0
Dyce,Aberdn,57.2035,-2.1902,2008,10-Sep,0,0
Dyce,Aberdn,57.2035,-2.1902,2009,10-Sep,0,0
East Mllng,Kent,51.2885,0.4383,2017,10-Dec,0,0
Edgmond,Shrops,52.77,-2.4104,2010,10-Aug,0,0
Edgmond,Shrops,52.77,-2.4104,2013,26-Oct,0,0
Edgmond,Shrops,52.77,-2.4104,2017,10-Dec,0,0
EDINB,LOTH'N,55.9533,-3.1883,2002,10-Jan,0,0
Elgin,Moray,57.6495,-3.3185,2003,10-Jan,0,0
Elgin,Moray,57.6495,-3.3185,2004,10-Jan,0,9.22
Elgin,Moray,57.6495,-3.3185,2005,10-Jan,317,9.73
Elgin,Moray,57.6495,-3.3185,2006,10-Jan,326,11.07
Elgin,Moray,57.6495,-3.3185,2017,20-Oct,0,0
Elie,Fife,52.3995,-0.2624,2014,10-Oct,0,0
Elie,Fife,52.3995,-0.2624,2015,13-Oct,0,0
Elie,Fife,52.3995,-0.2624,2016,14-Oct,0,0
Ellon,Aberdn,57.3646,-2.073,2010,29-Sep,0,0
Ellon,Aberdn,57.3646,-2.073,2011,13-Oct,0,0
Ellon,Aberdn,57.3646,-2.073,2012,10-Jan,0,0
Ellon,Aberdn,57.3646,-2.073,2013,10-Oct,0,0
Elmswell,Sufflk,52.237,0.9125,2011,22-Oct,0,0
Elmswell,Sufflk,52.237,0.9125,2012,10-Jan,0,0
Elmswell,East Yorks ,54.0175,-0.4814,2015,29-Sep,0,0
Elmswell,Sufflk,52.237,0.9125,2015,10-Mar,0,0
Elmswell,EYorks,54.0175,-0.4814,2016,29-Sep,0,0
Elmswell,Sufflk,52.237,0.9125,2016,10-Aug,0,0
Errol,Prth&K,56.3919,-3.2127,2009,28-Sep,0,0
Errol,Prth&K,56.3919,-3.2127,2010,27-Sep,0,0
Errol,Prth&K,56.3919,-3.2127,2011,13-Oct,0,0
Eyton upon the Weald Moors,Shropshire,52.73,-2.5191,2004,10-Jan,301,12.99
FAKEN,NORF,52.8313,0.8493,2002,10-Jan,0,0
Fakenham,Norf.,52.8313,0.8493,2003,10-Jan,0,0
Framling,Sufflk,52.2221,1.3421,2006,10-Jan,301,12.84
Framling,Sufflk,52.2221,1.3421,2007,10-Jan,0,9.37
Framling,Sufflk,52.2221,1.3421,2008,10-Feb,0,0
Framling,Sufflk,52.2221,1.3421,2009,10-Feb,0,0
Framling,Sufflk,52.2221,1.3421,2010,10-Sep,0,0
Framling,Sufflk,52.2221,1.3421,2011,14-Oct,0,0
Framling,Sufflk,52.2221,1.3421,2012,10-Jan,0,0
Framling,Sufflk,52.2221,1.3421,2013,16-Oct,0,0
Framlingham,Suffolk,52.2221,1.3421,2003,10-Jan,0,0
Framlingham,Suffolk,52.2221,1.3421,2004,10-Jan,0,10.07
Framlingham,Suffolk,52.2221,1.3421,2005,10-Jan,283,11.07
Fridaythorpe,NYorks,54.0203,-0.6659,2017,10-Apr,0,0
Frisby,Leics,52.7525,-0.9713,2006,10-Jan,293,11.21
Frisby,Leics,52.7525,-0.9713,2007,10-Jan,0,8.55
Frisby,Leics,52.7525,-0.9713,2008,10-Jan,0,0
Frisby,Leics,52.7525,-0.9713,2010,28-Sep,0,0
Frisby,Leics,52.7525,-0.9713,2011,10-Dec,0,0
Frisby,Leics,52.7525,-0.9713,2012,10-Jan,0,0
Frisby,Leics,52.7525,-0.9713,2013,10-Sep,0,0
Frisby,Leics,52.7525,-0.9713,2014,10-May,0,0
Frisby,Leics,52.7525,-0.9713,2015,10-Jan,0,0
Frisby,Leics,52.7525,-0.9713,2016,10-Jan,0,0
Frisby,Leics,52.7525,-0.9713,2017,10-May,0,0
Frisby on the Wreake,Leicestershire,52.7525,-0.9713,2004,10-Jan,302,9.3
Frisby on the Wreake,Leicestershire,52.7525,-0.9713,2005,10-Jan,301,12.1
Frsthrp,Lincs,53.244,-0.2114,2017,10-Jul,0,0
Gedding,Sufflk,52.1854,0.8525,2007,10-Jan,0,7.43
Girton,Cambridgeshire,52.241,0.0814,2004,10-Jan,0,7.6
Girton,Cambs,52.241,0.0814,2009,29-Sep,0,0
Girton,Cambs,52.241,0.0814,2010,28-Sep,0,0
Girton,Cambs,52.241,0.0814,2011,19-Oct,0,0
Great Dunmow,Essex,51.8729,0.3578,2003,10-Jan,0,0
GSturton,Lincs,53.2729,-0.6666,2011,10-Dec,0,0
GSturton,Lincs,53.2729,-0.6666,2012,10-Jan,0,0
GSturton,Lincs,53.2729,-0.6666,2015,22-Oct,0,0
GSturton,Lincs,53.2729,-0.6666,2016,10-Sep,0,0
Haddington,East Lothian,55.9587,-2.7749,2003,10-Jan,0,0
Hailes,Gloucs,51.9746,-1.9336,2014,12-Mar,0,0
Hailes,Gloucs,51.9746,-1.9336,2015,10-Jan,0,0
Hasely,Warwick,52.3091,-1.6641,2010,10-Jan,0,0
Hasely,Warwick,52.3091,-1.6641,2011,27-Sep,0,0
Headley Hall,North Yorkshire,53.8689,-1.32557,2005,10-Jan,295,8.77
Hemingby,Lincolnshire,53.2535,-0.1494,2004,10-Jan,0,9.32
High Mowthorpe,North Yorkshire,54.1075,-0.6435,2005,10-Jan,0,11.31
Hinstock,Shrops,52.836,-2.4575,2012,10-Jan,0,0
Histon,Cambridgeshire,52.2513,0.1185,2005,10-Jan,288,11.01
Histon,Cambs,52.2513,0.1185,2006,10-Jan,289,9.84
Histon,Cambs,52.2513,0.1185,2007,10-Jan,295,9.82
Hlegh,Ches,53.3537,-2.4508,2013,10-Oct,0,0
Hlegh,Ches,53.3537,-2.4508,2014,10-Oct,0,0
Hlegh,Ches,53.3537,-2.4508,2015,10-Feb,0,0
Hlegh,Ches,53.3537,-2.4508,2016,10-Dec,0,0
Holbeach,Lincs,52.804,0.0134,2008,14-Oct,0,0
Holbeach,Lincs,52.804,0.0134,2009,14-Oct,0,0
Holbeach,Lincs,52.804,0.0134,2011,16-Oct,0,0
HORN,LINCS,53.2073,-0.1124,2002,10-Jan,0,0
Horncastle,Lincs.,53.2073,-0.1124,2003,10-Jan,0,0
Hull,ER Yorks.,53.7676,-0.3274,2003,10-Jan,0,0
Hull,Eyorks,53.7676,-0.3274,2007,10-Jan,297,8.6
Humbie,East Lothian,55.8551,-2.8648,2004,10-Jan,330,9.79
Humbie,East Lothian,55.8551,-2.8648,2005,10-Jan,335,12.69
Humbie,ELoth,55.8551,-2.8648,2006,10-Jan,317,12.31
Humbie,ELoth,55.8551,-2.8648,2007,10-Jan,335,8.21
Humbie,Eloth,55.8551,-2.8648,2008,10-Feb,0,0
Humbie,Eloth,55.8551,-2.8648,2009,10-Feb,0,0
Humbie,Eloth,55.8551,-2.8648,2010,10-May,0,0
Humbie,Eloth,55.8551,-2.8648,2011,30-Dec,0,0
Humbie,Eloth,55.8551,-2.8648,2012,10-Jan,0,0
Humbie,Eloth,55.8551,-2.8648,2013,10-Jun,0,0
Humbie,ELoth,55.8551,-2.8648,2014,30-Sep,0,0
Humbie,Eloth,55.8551,-2.8648,2015,26-Sep,0,0
Humbie,ELoth,55.8551,-2.8648,2016,29-Sep,0,0
Huntwrth,Somset,51.1044,-2.9837,2011,18-Oct,0,0
Hythe,Kent,51.0717,1.0819,2006,10-Jan,303.33,10.35
Hythe,Kent,51.0717,1.0819,2007,10-Jan,301,9.8
Hythe,Kent,51.0717,1.0819,2008,27-Sep,0,0
Hythe,Kent,51.0717,1.0819,2009,27-Sep,0,0
Hythe,Kent,51.0717,1.0819,2011,10-Jan,0,0
Ickleton,Essex,52.0707,0.1743,2012,10-Jan,0,0
Ickleton,Essex,52.0707,0.1743,2013,11-Aug,0,0
Ickleton,Essex,52.0707,0.1743,2014,10-Oct,0,0
Ickleton,Cambs,52.0707,0.1743,2015,10-Aug,0,0
Ickleton,Cambs,52.0707,0.1743,2016,10-Oct,0,0
Ickleton,Cambs,52.0707,0.1743,2017,13-Oct,0,0
Ince Blundell,Merseyside,53.5239,-3.0258,2004,10-Jan,0,0
Ince Blundell,Merseyside,53.5239,-3.0258,2005,10-Jan,0,8.5
InceBld,Mersey,53.5239,-3.0258,2006,10-Jan,0,11.87
ItchnSk,Hants,51.0881,-1.2018,2015,10-Feb,0,0
K LYNN,NORF,52.7517,0.4023,2002,10-Jan,0,0
Kelso,ScBord,55.6,-2.4322,2017,10-Mar,0,0
Kettering,Northants.,52.3963,-0.7302,2003,10-Jan,0,0
KETT'G,NHANTS,52.3963,-0.7302,2002,10-Jan,0,0
Keysoe,Beds.,52.2517,-0.4249,2003,10-Jan,0,0
Kinghorn,Fife,56.0712,-3.1743,2010,25-Sep,0,0
Kinghorn,Fife,56.0712,-3.1743,2011,10-Oct,0,0
King's Lynn,Norf.,52.7517,0.4023,2003,10-Jan,0,0
Kingsbridge,Devon,50.2839,-3.7775,2004,10-Jan,0,11.73
Kingston,Devon,51.41259,-3.927,2003,10-Jan,0,0
K'STON,DEVON,51.41259,-3.927,2002,10-Jan,0,0
LACEBY,LINCS,53.5419,-0.1692,2002,10-Jan,0,0
Laurencekirk,Aberdeenshire,56.8313,-2.4725,2004,10-Jan,338,8.99
Laurnkrk,Aberdn,56.8313,-2.4725,2006,10-Jan,324.67,11.11
Laurnkrk,Aberdn,56.8313,-2.4725,2007,10-Jan,330,8.46
Laurnkrk,Aberdn,56.8313,-2.4725,2008,16-Oct,0,0
Laurnkrk,Aberdn,56.8313,-2.4725,2009,16-Oct,0,0
Laurnkrk,Aberdn,56.8313,-2.4725,2010,29-Sep,0,0
Lawrencekirk,Aberdeenshire,56.8313,-2.4725,2005,10-Jan,0,10.76
Lillesdn,Somset,51.0091,-2.9924,2009,11-Apr,0,0
Lillesdn,Somset,51.0091,-2.9924,2010,28-Oct,0,0
Limavad,Lderry,55.0455,-6.9337,2007,10-Jan,0,10.4
Limavad,Lderry,55.0455,-6.9337,2008,10-Jan,0,0
Limavad,Lderry,55.0455,-6.9337,2010,15-Oct,0,0
Limavad,Lderry,55.0455,-6.9337,2012,10-Jan,0,0
Limavad,Lderry,55.0455,-6.9337,2014,14-Oct,0,0
Limavad,Lderry,55.0455,-6.9337,2015,14-Oct,0,0
Limavad,Lderry,55.0455,-6.9337,2016,20-Oct,0,0
Limavad,Lderry,55.0455,-6.9337,2017,24-Oct,0,0
Limavady,Londonderry,55.0455,-6.9337,2003,10-Jan,0,0
Limavady,Lderry,55.0455,-6.9337,2006,10-Jan,320.33,0
LIMA'Y,LDERRY,55.0455,-6.9337,2002,10-Jan,0,11.23
Little Saxham,Suffolk,52.2421,0.6353,2004,10-Jan,0,11.02
Little Staughton,Bedfordshire,52.2504,-0.3821,2004,10-Jan,0,9.16
Little Staughton,Bedfordshire,52.2504,-0.3821,2005,10-Jan,0,9.6
Lockbie,Dumfrs,55.1222,-3.349,2006,10-Jan,311,9.31
Lockerbie,Dumf/Gal.,55.1222,-3.349,2003,10-Jan,0,0
Lockerbie,Dumfries and Galloway,55.1222,-3.349,2004,10-Jan,327,10.78
Lockerbie,Dumfries and Galloway,55.1222,-3.349,2005,10-Jan,308,10.06
LStaugh,Beds,52.2504,-0.3821,2006,10-Jan,0,13.04
Luthermr,Aberdn,56.8063,-2.5565,2012,10-Jan,0,0
Luthermr,Aberdn,56.8063,-2.5565,2013,11-Aug,0,0
Luthermr,Aberdn,56.8063,-2.5565,2014,10-Dec,0,0
Luthermr,Aberdn,56.8063,-2.5565,2015,10-Jan,0,0
Lymm,Ches,53.3817,-2.48,2007,10-Jan,0,7.63
Lymm,Ches,53.3817,-2.48,2008,10-Jan,0,0
Lymm,Ches,53.3817,-2.48,2010,14-Oct,0,0
Lymm,Ches,53.3817,-2.48,2012,10-Jan,0,0
Malton,N Yorks.,54.1368,-0.7979,2003,10-Jan,0,0
ME MOW,LEICS,52.7664,-0.8871,2002,10-Jan,0,0
Melton Mowbray,Leics,52.7664,-0.8871,2003,10-Jan,0,0
Mendlesham,Sufflk,52.2492,1.0798,2014,30-Oct,0,0
Mendlesham,Sufflk,52.2492,1.0798,2015,30-Sep,0,0
Middridge,Darltn,54.6309,-1.6145,2008,10-Jan,0,0
Morley,Nofk,52.5547,1.0396,2006,10-Jan,288,10.13
Morley,Norfk,52.5547,1.0396,2014,10-Jul,0,0
Morley,Norfk,52.5547,1.0396,2015,10-Feb,0,0
Morley,Norfk,52.5547,1.0396,2016,25-Sep,0,0
Morley St Botolph,Norfolk,52.5547,1.0396,2004,10-Jan,0,12.52
Morpeth,Northumb.,55.1687,-1.6875,2003,10-Jan,0,0
MORP'H,NORTHD,55.1687,-1.6875,2002,10-Jan,0,0
Moulton,Lincs,52.2887,-0.8534,2013,10-Dec,0,0
Moulton,Lincs,52.2887,-0.8534,2014,10-Aug,0,0
Nether Wallop,Hants,51.1263,-1.569,2016,13-Oct,0,0
Newch,Kent,52.1494,0.9316,2010,25-Sep,0,0
Newchurch,Kent,52.1494,0.9316,2005,10-Jan,0,12.6
Newport,Shrops,51.5842,-2.9977,2011,10-Aug,0,0
North Dalton,EYorks,53.9571,-0.578,2017,10-Apr,0,0
OLD'M,ABER,57.33492,-2.3199,2002,10-Jan,0,0
Ormskirk,Lancs.,53.5689,-2.8851,2003,10-Jan,0,0
OTLEY,SUFF,52.1513,1.2202,2002,10-Jan,0,0
Ottham,Eyorks,51.2522,-0.6401,2008,10-Jan,0,0
Perth,Prth&K,56.395,-3.4308,2007,10-Jan,0,10.4
Perth,Prth&K,56.395,-3.4308,2008,10-Jan,0,0
Petham,Kent,51.223,1.0459,2012,10-Jan,0,0
Petham,Kent,51.223,1.0459,2014,17-Oct,0,0
Petham,Kent,51.223,1.0459,2016,10-Apr,0,0
Pinchbeck,Lincs,52.8137,-0.1588,2016,10-Nov,0,0
Pottn,Aberdn,57.232,-2.0912,2007,10-Jan,354,8.53
Quham,Norfk,52.4453,0.984,2007,10-Jan,0,8.92
Quidenham,Norfolk,52.4453,0.984,2004,10-Jan,305,11.47
Quidenham,Norfolk,52.4453,0.984,2005,10-Jan,0,10.35
Ragnal,Nottinghamshire,53.2556,-0.7963,2004,10-Jan,0,10.66
Ragnall,Nottinghamshire,53.2556,-0.7963,2005,10-Jan,310,10
Ragnall,Notts,53.2556,-0.7963,2006,10-Jan,301,10.21
Redwrth,Darltn,54.6054,-1.6293,2006,10-Jan,0,9.63
Redwrth,Darltn,54.6054,-1.6293,2007,10-Jan,0,10.27
Rhynd,Perth and Kinross,56.3653,-3.3657,2004,10-Jan,0,12.51
Rhynd,Perth & Kinross,56.3653,-3.3657,2005,10-Jan,332,11.14
Rhynd,Prth&K,56.3653,-3.3657,2006,10-Jan,317.33,11.35
Rudston,EYorks,54.0895,-0.3231,2006,10-Jan,0,11.36
Rudston,EYorks,54.0895,-0.3231,2007,10-Jan,313,7.69
Rudston,EYorks,54.0895,-0.3231,2009,10-Oct,0,0
Saltoun,ELoth,55.8976,-2.8646,2017,29-Sep,0,0
Sancton,EYorks,53.842,-0.6317,2012,10-Jan,0,0
Sancton,EYorks,53.842,-0.6317,2014,10-Nov,0,0
Sandringm,Norfk,52.8269,0.5186,2011,13-Oct,0,0
SClims,Cornwl,50.5472,-4.316,2016,20-Oct,0,0
SLEAF,LINCS,53.0003,-0.4096,2002,10-Jan,0,0
Sleaford,Lincs.,53.0003,-0.4096,2003,10-Jan,0,0
SPALD,LINCS,52.7901,-0.1537,2002,10-Jan,0,0
Spalding,Lincs.,52.7901,-0.1537,2003,10-Jan,0,0
Spalding,Lincolnshire,52.7901,-0.1537,2004,10-Jan,0,11.78
Spalding,Lincolnshire,52.7901,-0.1537,2005,10-Jan,0,12.1
Spalding,Lincs,52.7901,-0.1537,2006,10-Jan,295,11.66
Spalding,Lincs,52.7901,-0.1537,2007,10-Jan,294,9.4
Spalding,Lincs,52.7901,-0.1537,2015,10-Mar,0,0
Spalding,Lincs,52.7901,-0.1537,2017,10-Jul,0,0
StBosw,ScBord,55.5708,-2.6475,2010,10-Jan,0,0
StBosw,ScBord,55.5708,-2.6475,2012,10-Jan,0,0
StBosw,ScBord,55.5708,-2.6475,2013,10-Sep,0,0
StBosw,ScBord,55.5708,-2.6475,2014,30-Sep,0,0
StBosw,ScBord,55.5708,-2.6475,2015,25-Sep,0,0
StBosw,ScBord,55.5708,-2.6475,2016,27-Nov,0,0
Stchwrth,Cambs,52.1992,0.3994,2010,14-Oct,0,0
Stchwrth,Cambs,52.1992,0.3994,2011,21-Oct,0,0
Stchwrth,Cambs,52.1992,0.3994,2012,10-Jan,0,0
Stowmarket,Suffolk,52.1889,0.9977,2005,10-Jan,0,9.11
Stowmrkt,Sufflk,52.1889,0.9977,2013,17-Oct,0,0
Swindon,Wilts.,51.5558,-1.7797,2003,10-Jan,0,0
Swindon,Wilts.,51.5558,-1.7797,2004,10-Jan,311,13.06
Tadcaster,N Yorks.,53.8836,-1.2609,2003,10-Jan,0,0
TADC'R,N YRKS,53.8836,-1.2609,2002,10-Jan,0,0
Telford,Shrops.,52.6784,-2.4453,2003,10-Jan,0,0
Telford,Shropshire,52.6784,-2.4453,2005,10-Jan,313,9.48
Telford,Shrops,52.6784,-2.4453,2006,10-Jan,304,11.18
Telford,Shrops,52.6784,-2.4453,2007,10-Jan,0,9.91
T'FORD,SHROPS,52.6784,-2.4453,2002,10-Jan,0,0
Thaxted,Essex,51.9533,0.3446,2016,10-Sep,0,0
Thaxted,Essex,51.9533,0.3446,2017,10-Aug,0,0
Thwing,EYorks,54.1158,-0.3903,2008,10-Jan,0,0
Tibthorpe,EYorks,53.9836,-0.5368,2016,10-Mar,0,0
Todngton,Gloucs,51.9485,-0.5324,2006,10-Jan,0,11.31
TRawstn,Dorset,50.8575,-2.0897,2006,10-Jan,277,10.49
TRawstn,Dorset,50.8575,-2.0897,2007,10-Jan,0,7.96
Ulceby,NLincs,53.618,-0.3306,2007,10-Jan,286,8.49
Ulceby,NLincs,53.618,-0.3306,2009,10-Sep,0,0
Ulceby,NLincs,53.618,-0.3306,2010,24-Sep,0,0
Ulceby,NLincs,53.618,-0.3306,2011,10-Nov,0,0
Ulceby,NLincs,53.618,-0.3306,2012,10-Jan,0,0
Ulceby,NLincs,53.618,-0.3306,2013,10-Feb,0,0
Ulceby,NLincs,53.618,-0.3306,2014,28-Sep,0,0
Ulceby,NLincs,53.618,-0.3306,2015,10-Mar,0,0
Ulceby,Lincs,53.618,-0.3306,2016,10-Nov,0,0
Ulceby,Lincs,53.618,-0.3306,2017,26-Oct,0,0
Up Somborne,Hampshire,51.0884,-1.4321,2004,10-Jan,0,10.29
Up Somborne,Hampshire,51.0884,-1.4321,2005,10-Jan,0,11.24
UpSomb,Hants,51.0884,-1.4321,2006,10-Jan,0,12.09
UpSomb,Hants,51.0884,-1.4321,2007,10-Jan,311,10.71
WARM'R,WILTS,51.2046,0.191,2002,10-Jan,0,0
Warwick,Warks.,52.2823,-1.5849,2003,10-Jan,0,0
Warwick,Warwickshire,52.2823,-1.5849,2004,10-Jan,0,0
Waterbeach,Cambs.,52.2656,0.191,2003,10-Jan,0,0
Waterbeach,Cambridgeshire,52.2656,0.191,2004,10-Jan,0,0
Waterbeach,Cambridgeshire,52.2656,0.191,2005,10-Jan,290,0
W'BCH,CAMBS,52.66622,-2.1811,2002,10-Jan,0,9.49
WCharlt,Devon,50.2697,-3.7556,2006,10-Jan,303,10.13
WCharlt,Devon,50.2697,-3.7556,2008,10-Feb,0,0
WCharlt,Devon,50.2697,-3.7556,2009,10-Feb,0,0
WCharlt,Devon,50.2697,-3.7556,2010,10-Jan,0,0
WCharlt,Devon,50.2697,-3.7556,2011,10-Jul,0,0
WCharlt,Devon,50.2697,-3.7556,2013,19-Oct,0,0
WCharlt,Devon,50.2697,-3.7556,2014,10-Sep,0,0
WCharlt,Devon,50.2697,-3.7556,2015,20-Oct,0,0
WCharlt,Devon,50.2697,-3.7556,2016,13-Oct,0,0
Welbourn,Lincs,53.0754,-0.5588,2008,29-Sep,0,0
Welbourn,Lincs,53.0754,-0.5588,2009,29-Sep,0,0
Welbourn,Lincs,53.0754,-0.5588,2010,25-Sep,0,0
Welbourn,Lincs,53.0754,-0.5588,2011,10-May,0,0
Welbourn,Lincs,53.0754,-0.5588,2012,10-Jan,0,0
Welbourn,Lincs,53.0754,-0.5588,2013,28-Sep,0,0
Welbourn,Lincs,53.0754,-0.5588,2014,30-Sep,0,0
Welbourn,Lincs,53.0754,-0.5588,2015,24-Sep,0,0
Welbourn,Lincs,53.0754,-0.5588,2016,10-Jan,0,0
Welbourn,Lincs,53.0754,-0.5588,2017,24-Sep,0,0
West Charleton,Devon,50.2697,-3.7556,2005,10-Jan,306,10.17
Weston,Lincs,51.3474,-0.0832,2012,10-Jan,0,0
Whitsome,Scottish Borders,55.7484,-2.217,2004,10-Jan,0,11.65
Whitsome,Scottish Borders,55.7484,-2.217,2005,10-Jan,323,10.51
WIM SG,DORSET,50.9071,-1.9552,2002,10-Jan,0,0
Wimborne St Giles,Dorset,50.9071,-1.9552,2004,10-Jan,0,10.04
Wimbourne St Giles,Dorset,50.9071,-1.9552,2003,10-Jan,0,0
Winchester,Hants.,51.0598,-1.3101,2003,10-Jan,0,0
Winchr,Hants,51.0598,-1.3101,2008,10-Mar,0,0
Winchr,Hants,51.0598,-1.3101,2009,10-Mar,0,0
WINC'R,HANTS,51.0598,-1.3101,2002,10-Jan,0,0
Winterbourne Whitechurch,Dorset,50.8007,-2.2317,2005,10-Jan,0,10.36
Withernsea,EYorks,53.7313,0.0329,2016,30-Sep,0,0
WK'SOP,NOTTS,53.3093,-1.1227,2002,10-Jan,0,0
WNewton,EYorks,53.8229,-0.1805,2010,17-Oct,0,0
Wolfertn,Norfk,52.8279,0.456,2006,10-Jan,285.33,10.16
Wolfertn,Norfk,52.8279,0.456,2007,10-Jan,302,8.51
Wolfertn,Norfk,52.8279,0.456,2008,10-Sep,0,0
Wolfertn,Norfk,52.8279,0.456,2009,10-Sep,0,0
Wolfertn,Norfk,52.8279,0.456,2012,10-Jan,0,0
Wolfertn,Norfk,52.8279,0.456,2014,10-Aug,0,0
Wolfertn,Norfk,52.8279,0.456,2015,10-Feb,0,0
Wolfertn,Norfk,52.8279,0.456,2016,27-Nov,0,0
Wolfertn,Norfk,52.8279,0.456,2017,10-Jul,0,0
Wolferton,Norfolk,52.8279,0.456,2004,10-Jan,302,11.16
Wolferton,Norfolk,52.8279,0.456,2005,10-Jan,301,10.52
Woolpit,Sufflk,52.2248,0.8879,2009,16-Oct,0,0
Woolpit,Sufflk,52.2248,0.8879,2010,14-Oct,0,0
Worksop,Notts.,53.3093,-1.1227,2003,10-Jan,0,0
Wye,Kent,51.1819,0.9379,2004,10-Jan,0,12.35
Wye,Kent,51.1819,0.9379,2015,28-Oct,0,0
WYMOND,NORF,52.5694,1.1153,2002,10-Jan,0,0
Wymondham,Norf.,52.5694,1.1153,2003,10-Jan,0,0
YngsEnd,Essex,51.8468,0.523,2009,16-Oct,0,0
